7818
9830
9367
3568
5564
1571
7403
9064
990
9723
8634
8087
5939
2446
865
8471
9502
16
7729
2514
5314
3965
3316
8350
6269
7818
5177
5982
3812
9432
5128
6629
4930
9546
9416
3501
4420
3911
2053
5920
9834
3645
1633
972
9375
8642
1473
7453
699
4732
9388
6221
7019
5071
6982
9269
4140
8635
2549
1409
4557
4956
5081
4961
265
9484
4875
6811
7582
9443
603
2370
6045
5334
3065
1258
6422
5967
4410
4189
6821
8392
6122
6719
7318
2131
3066
7308
8560
3216
3513
1040
6060
6573
6346
2154
3722
7335
5083
3738
9031
7694
154
3935
418
3398
171
6087
9931
874
1083
1542
1126
8174
8278
7334
5525
6989
1866
3114
4989
9685
546
5110
4298
3390
7616
8975
6464
610
6399
3329
4596
9335
2033
4560
2552
4318
8035
2255
166
2414
1948
6362
6496
8345
4849
4286
3973
5776
2217
8779
4578
2861
4498
5500
6463
1061
4508
6453
8552
4615
3333
6388
972
9451
1110
7607
5129
2034
7137
3991
7522
1948
8795
3483
7761
5701
7360
591
1408
4797
3116
3104
63
9192
1022
2659
7911
4780
1059
7281
2830
9563
5187
4941
906
3163
8137
3349
1779
5575
8207
94
6576
9354
3840
416
3423
2963
8332
9098
7713
71
7723
214
206
1155
2916
6398
744
6484
1200
3975
8979
2547
8458
8488
7158
7659
7615
4759
1494
6453
749
2230
5847
2016
8144
5710
4832
3280
8296
5982
1066
8718
1711
6348
68
7659
1039
9632
8487
545
8531
5366
6964
7235
2095
6107
8745
2639
8416
5051
1364
681
4568
7995
6482
4537
7870
5236
2596
3028
6001
9228
2767
2954
4921
2724
9935
3044
7220
1315
8114
2173
6341
8457
7027
9189
6666
710
7534
3347
172
5843
2187
2819
1993
9239
6281
3404
5316
882
9813
5200
4934
5697
9607
8260
7871
9933
3975
5794
7096
3496
9498
7335
9539
5766
5318
8887
3218
5737
2467
1451
5566
5365
2665
9473
6042
1115
1947
433
3302
3544
2142
9598
2116
5631
5684
3200
7712
9910
8367
806
3698
5577
5411
8625
1092
2881
8165
8478
7113
936
7843
1153
930
1476
9943
9938
1703
6223
8555
5725
3655
6094
2045
1908
8368
3522
6102
3274
3441
5379
1945
8368
336
1628
9719
312
8316
6981
9328
7631
1236
6498
1844
2966
8641
1135
6111
2547
3809
2630
2365
2331
5399
3315
1764
3610
6148
244
9390
7296
1335
2080
3408
5364
5803
3033
231
3627
3518
504
2439
2640
4579
4167
2687
9290
5646
338
3188
2389
3108
1268
7990
6001
6928
181
6868
3029
9951
8583
274
7836
7947
6954
7592
480
9285
3644
8247
2717
3613
8584
8338
6785
949
2176
8204
6492
2608
3579
5443
3710
4615
1570
2261
9811
3646
5843
9242
1909
9623
9899
7131
8015
1760
3753
3484
6522
7293
3590
318
8586
9810
9787
1515
7001
7309
1381
1812
4620
4305
9036
886
8107
692
5971
3762
814
8383
1569
3757
868
5738
2103
5132
2750
6155
284
5119
5943
2784
8166
9067
2573
9931
4052
3973
9710
1460
3107
8049
5315
9475
618
7754
2683
3305
8172
4152
5918
3652
7603
3988
7691
7249
5357
1368
5625
753
5971
5381
5894
488
8482
3906
5087
2671
4025
9547
8433
3093
9492
7122
241
5439
8863
8803
7544
1629
3823
4646
494
3102
3611
3443
4398
7463
918
9169
835
5316
7374
5973
5360
8216
3575
4297
5644
148
9175
3064
8121
3611
2875
2527
2594
9610
1288
1653
7144
3749
1435
3767
8827
7137
3994
3649
5934
7428
1116
1119
12
372
656
3799
2368
5662
6603
4870
2985
5432
430
5305
509
323
3341
7716
1393
729
5460
4237
8372
1547
1199
3572
2789
9344
9493
5405
1745
9540
5480
3615
1098
962
4537
6420
770
8955
8836
8523
9438
9913
869
5280
2160
831
2282
9743
7520
9268
1479
8681
2962
6194
8354
6474
3898
7438
2945
6762
7074
9788
258
9543
2145
5393
1976
6531
4163
9528
919
1401
5581
6489
6192
7780
6596
2528
332
6400
1586
8814
3013
4181
5564
6487
7651
388
9483
5291
423
4927
8711
2545
6753
7737
5519
9307
5258
5967
7415
7744
2148
656
9922
6511
790
1129
1433
4297
4221
2027
1536
2231
7953
1868
2890
811
4434
936
2875
9255
6142
6733
2313
8939
681
9226
7521
6108
2768
2121
9555
5229
9943
8657
45
8544
4748
6186
636
9907
3200
2084
5688
5021
8646
3501
6359
8737
5942
1443
7882
3848
928
4750
8207
4887
6024
2220
2047
4561
813
9842
8965
3551
4921
2615
1141
4166
4209
7938
6518
1006
9287
9786
8482
1039
1447
1882
9947
589
3579
6097
4141
7576
1689
8144
3302
9965
6351
1253
3688
9625
7266
2632
4248
2463
2689
7089
5461
3075
3802
1416
5245
9253
8742
8334
3528
8684
9760
9407
1135
8046
3708
1107
2625
5570
1044
8075
2907
8079
7082
5646
8887
4927
325
5033
2062
9100
9652
5945
5360
5938
8974
4900
5693
4986
9210
277
2771
5250
1251
5763
4807
1766
7009
7558
9231
770
7896
3222
7842
246
4083
4093
1954
117
5423
790
6860
121
1170
5135
2856
8730
4387
3481
5518
6905
3378
7976
7574
2015
3960
8651
3722
3082
2880
5695
81
8875
625
463
4516
5072
6803
5803
3810
6811
4556
1245
4896
7263
9814
8316
9996
3392
4965
944
1354
8088
9875
1931
3281
8029
287
4473
9574
7032
4322
814
7097
6037
2224
5815
4884
5208
2923
6019
7902
254
4058
7279
846
7358
4346
2709
2782
4756
4352
1837
7634
4444
4135
9070
8232
153
122
5770
5523
1660
4055
2175
3367
6537
3938
9342
5269
6351
7242
284
6642
2487
4565
8842
8946
2913
8994
5103
8080
960
2456
6278
1451
5039
4200
8077
4236
9819
1901
4966
2591
1395
2081
4561
7879
4024
1016
4052
2030
3612
7681
6510
1258
8448
7293
4652
8292
1663
192
1419
4094
7944
2620
2579
6802
81
714
8732
3642
921
127
7399
8827
2052
680
2097
3248
431
2546
8332
1619
831
4742
350
4679
1183
7060
3298
1368
5408
9125
1054
7308
821
652
1345
3863
5603
5103
592
869
7185
9744
1784
3613
7277
6342
9899
243
3507
7032
5852
7988
2908
369
3317
4490
413
9483
552
1829
1988
4378
8221
7409
7917
1459
1733
2247
9547
4678
6935
8519
5229
1742
1269
7449
5159
4309
220
4642
2855
7582
1559
2198
233
7382
3088
7619
8117
4596
1454
4030
3099
7700
1029
6854
4757
2887
6830
1068
6183
1622
2133
1819
9258
8469
8099
8637
3981
1833
4089
9874
61
4915
5444
6124
651
1535
4901
5421
8106
707
612
2484
1737
7456
7655
4267
808
7426
3101
1426
748
2170
6405
5292
2815
2995
3529
2302
2329
2315
9475
3467
5929
1103
4003
2210
7032
954
4561
5210
9730
8737
6395
5463
5504
2905
9972
9690
7116
3460
2286
8959
171
4589
1197
3574
5932
6666
4207
277
4770
5736
4882
288
9644
5595
1689
3139
1328
5743
631
6994
8673
5901
3181
7183
1559
6069
4921
8578
2091
1715
961
2938
6250
3487
5123
919
5100
8686
1487
3718
6721
8872
4030
3601
533
8467
8463
4793
2388
907
4208
5164
3071
9535
771
8445
8989
1230
6121
1401
606
6983
1370
2544
2678
4395
3591
2314
396
9375
9126
7430
7679
5644
441
7954
2570
3776
6823
1679
7787
8330
3427
9308
3568
9259
925
8870
9307
809
7147
4575
39
2061
4942
1216
8003
3793
2563
2158
2220
2010
194
1063
5069
5866
6566
5769
2732
6078
6707
1345
2861
4928
2317
4104
2146
7023
9647
4204
5789
8328
1185
296
143
7578
3850
8676
104
8071
6524
1487
364
347
7152
7122
8506
6785
9969
8593
7984
5004
722
516
6931
138
8404
8990
9471
759
9429
273
4677
7387
9876
2532
6085
2510
418
5877
5763
7669
2613
1446
3158
1079
6673
8574
2663
6158
9512
5247
5765
1876
9859
5300
7345
1165
1261
1942
4739
9326
9077
4097
1468
9228
1999
6799
7948
6308
8498
8343
9868
8059
540
4774
5154
263
2957
38
981
6104
4349
3607
3060
1470
7609
4349
1517
7885
1150
9654
5457
7133
5921
5229
4758
6645
2600
5673
2401
1210
3806
5623
5193
2313
6986
1139
4211
2470
7137
5429
8470
6135
5816
4788
6099
3318
1831
8538
278
453
3178
782
5031
113
1992
1138
2299
4575
4353
7131
3014
5263
1364
4660
5112
5731
4642
326
3166
7637
8424
1004
3572
6720
6441
2085
5074
350
9360
5807
9099
6208
9896
1294
6856
9701
2899
5653
4919
9138
2974
8079
3068
8075
7251
3285
6628
6452
7623
5304
3336
3018
9192
5837
5109
1198
1542
5881
2993
6437
5348
4858
5938
8493
4156
9383
805
5456
14
8581
2827
4477
9471
5676
7229
1322
626
1063
6244
3414
1825
8377
747
4286
4057
3156
6836
5226
3239
5572
9456
3716
9712
108
7545
8481
2172
1862
302
8843
479
4725
8989
1811
7604
3136
6781
1976
7243
1669
1017
4893
6177
9327
1956
3322
8097
8069
7221
3494
5648
5776
4533
4119
1681
4687
2245
7383
9630
8178
7699
7778
2122
7012
1926
4094
9226
7455
9602
8641
2210
3647
1167
7436
9557
7384
6289
6530
1284
424
3656
6672
6868
2402
2307
30
118
1790
7894
2195
8908
7646
5144
1780
5534
6280
4567
2436
6125
8846
2091
1662
6680
207
5498
6503
6788
736
843
3094
2015
3348
8428
2956
8011
7967
4384
446
3531
8074
1812
8121
4301
2616
675
809
1848
5654
7257
81
3687
8335
5595
3
8299
6201
9871
5406
8605
6016
9154
116
4621
5993
1111
1427
5052
8477
2284
4985
5673
3662
3186
7167
1285
2108
6655
747
691
2924
8144
3651
8125
1144
4315
347
4555
5753
8890
1910
2386
3127
2687
2220
1586
8651
2934
609
9144
7470
7287
5491
8548
1035
4680
1627
8704
4507
5948
6554
9908
3372
9408
8966
8999
2437
548
4890
3783
6691
9439
7135
2538
5777
9959
6705
8316
1827
7856
6753
1600
2163
749
7575
5675
3739
3684
930
7680
4269
3066
485
399
7359
9571
3185
5602
8737
4156
9499
9294
7307
8869
4028
3676
5554
7098
9040
3384
5637
872
6687
1419
3482
7233
951
6759
8006
1023
7858
9642
4617
6930
1859
8742
7643
8786
4535
4971
5498
7277
5069
6649
9131
8765
8375
5083
1452
9298
9526
3462
5764
7783
1723
3277
969
8489
2903
5084
6137
4658
8055
4890
2533
1857
8096
669
3550
508
4060
2765
2987
712
1205
9730
6902
5393
6000
3041
4203
2300
8605
4455
2378
5494
2508
934
6453
7507
5313
714
4481
3393
3776
1942
6189
2823
1687
6194
2196
3546
2426
2777
6394
9647
6169
7565
8794
9045
9333
6419
6562
1374
7035
5636
739
8275
7247
4691
353
5323
5367
827
7698
183
1124
4595
6004
8768
2551
116
2630
3351
4753
1883
9935
5850
4689
9865
9161
945
7477
8657
3470
5222
1364
9364
7654
2174
3008
3323
3781
8308
5598
8774
5360
4535
2585
828
4931
4998
3090
2046
328
344
6705
1846
245
4247
3170
3671
650
6328
6040
8923
9172
8756
8548
1239
5879
2171
7433
152
1110
834
2769
3898
4871
6016
8080
8017
24
8251
9629
3916
2517
2063
1702
3428
9806
5051
6627
2648
8977
6299
7501
5328
1122
6694
4989
1971
5840
7453
8627
1111
202
2903
1104
819
6031
6320
1901
9709
2118
9813
5663
4417
1193
3662
7871
8670
896
3986
1457
8778
3121
2056
1781
2265
1705
5685
7202
2415
9550
4328
6519
9213
4084
8272
954
8570
9836
635
8847
1452
4727
5309
5307
2961
6729
1222
3885
9984
7998
4966
6904
5487
3908
6900
5668
2955
4143
6148
7292
1541
9877
1185
9754
1864
3714
6614
5889
559
4186
2714
5377
9928
1036
4294
5249
5414
6373
6537
4472
5158
7955
4278
411
4947
8172
1099
3974
1071
2008
178
6463
1278
7617
6845
7251
7576
8451
3524
9696
8007
4124
7984
851
6553
4704
3604
8991
2409
9448
2398
2371
3388
6978
4743
5614
868
3096
5725
1209
3832
6998
9449
2222
6320
727
3736
8167
9745
2695
655
4663
9227
1814
4451
3135
6146
885
8767
6419
7131
6764
3817
7604
3054
6090
7465
9192
6778
3029
9604
9280
7036
7194
6278
8003
2068
1061
5693
5930
3486
4580
251
6854
4193
2588
5300
1237
1513
1027
9131
3278
9487
9562
6912
8800
9604
3924
2538
7478
8192
1198
5691
2516
1568
6475
3615
3982
4954
8582
8570
3983
5005
7303
7796
1041
7657
8992
5562
5014
8869
4543
2303
3081
5009
1495
5811
6021
8251
2128
4385
3802
5637
2412
5296
5729
2792
7137
2147
6596
837
9888
3452
237
5065
7629
7983
2242
2831
9798
1174
1683
9224
8335
1234
331
1939
2125
344
4038
6636
3066
7346
6386
7147
1751
5528
1359
4644
1673
9157
515
4888
1761
4717
5054
125
7622
3538
9683
7590
2117
4868
288
3909
4752
4939
9778
2942
9819
6809
1260
4790
1661
7912
7839
5683
3065
2971
7515
887
1312
8482
9531
6765
7059
220
5234
9084
1961
5680
5521
5526
3002
3275
4824
1852
7948
9891
8667
7191
2955
343
8571
8298
4523
7918
5020
3746
3451
6086
9164
2724
253
1550
6778
6632
4547
247
406
5684
2293
8979
4459
1084
5901
1334
1660
9330
3764
4488
1264
5656
4979
5664
7449
9928
9449
1736
2866
7894
1492
1088
6761
4018
9333
5462
1646
5395
1869
6632
4400
7627
7298
8875
1486
7629
528
2508
5515
9273
122
7829
5842
5815
4653
5633
8396
7419
250
4501
2865
1182
3978
5776
1035
2187
1962
1879
2278
2989
4982
5396
994
5235
4618
9910
3900
1224
1803
3197
694
6802
7936
3883
240
9890
5644
2790
8414
144
8011
5869
3131
4610
7537
1707
5973
2528
8216
778
7088
2809
4110
4560
1974
8306
6010
8541
2020
940
4494
9033
9602
986
1310
1953
1651
3866
3811
1071
1025
8156
3377
403
3043
9847
5296
4493
6671
2527
3187
5217
8188
2003
5833
4282
5318
8263
4596
1456
831
9247
2471
4289
5090
8138
7200
7605
7008
4647
4285
7809
7920
2759
4629
6999
2797
7618
4565
6408
6649
7525
9205
4149
251
6418
3218
9292
1135
3238
9070
4904
3560
4746
5616
8004
8036
1967
7355
8072
9519
6092
1340
5959
9165
5143
7876
3206
8193
7906
3796
7979
7885
4413
5429
8124
2674
3647
2607
8729
7534
4589
4463
355
2303
1846
771
434
9162
1202
5772
6462
9098
3636
8699
492
5729
6792
5552
1608
4901
713
299
8242
3818
4885
8854
1109
1067
1480
5512
3813
2268
8240
959
4096
8643
3640
106
536
1467
6336
2166
6740
8379
1058
1277
3383
5748
1217
5786
2752
1460
6043
3159
6490
9677
7906
5873
4231
590
4722
8041
4710
3821
1349
2995
2156
4921
9615
6752
9839
2265
1451
9457
5776
2757
2434
5649
2324
4491
8134
9854
2968
4908
599
1708
7210
3105
537
3357
6577
9764
9695
8747
2973
8282
813
67
2395
5026
8799
4440
9467
5656
2960
5831
4759
9395
2459
5644
6105
1472
1492
7210
5289
7446
7229
6545
5356
8573
5031
2444
7889
6714
1065
4658
1441
2992
3875
90
3277
4812
3553
1107
2535
6434
5013
3332
7684
2560
7586
9181
3084
4637
5631
815
6287
4184
8358
3755
991
1145
5075
6136
7407
3950
1115
4429
8402
3542
8343
670
4350
4998
8846
1097
6531
7706
9941
2121
5240
6066
1382
7864
2618
8637
9202
9758
1131
3435
5200
4943
4493
2827
8359
968
3612
2021
6865
6750
9687
6423
7307
9197
9112
1587
3660
3555
7000
7972
8533
3603
4925
1479
4880
2745
3937
4345
6865
8083
1173
1095
2760
8658
4247
5007
4522
7574
7682
2989
5697
7082
2943
255
6048
8323
3931
9760
4668
7026
9688
1730
2598
7434
8493
4138
8812
7096
3227
7591
7697
7675
3058
2186
1178
8922
146
8907
3818
3220
4596
9109
5613
6308
7562
3229
1404
9000
6907
1822
2019
3064
2784
3072
5164
6908
3243
1298
7403
1439
3682
2283
6415
9844
2500
8178
4396
5200
7528
6966
2112
5407
2474
1028
3908
3084
2947
256
7651
2956
7368
7676
9951
2143
1122
4302
4152
9337
6330
9649
714
9341
1330
7849
6832
2908
972
7828
1045
698
5777
5980
3496
8576
4438
4457
5864
935
8638
5173
4920
1848
8617
4698
138
4204
9301
173
6724
417
3782
8191
1292
9803
7733
2842
4620
7416
1953
2181
5389
1250
3905
8771
1267
489
4904
3618
7341
8321
4315
1344
2530
8295
2903
8377
8343
9544
2686
7627
770
390
9748
8065
6934
4352
1432
25
5054
8966
649
3856
1946
4073
5688
3536
6194
3159
7823
9077
7983
8765
2994
4493
3913
7882
5058
7651
297
6461
148
4562
8529
5675
121
3602
8090
9775
7402
3406
2524
7397
5005
6951
2035
4415
6875
2675
476
894
5863
8624
5758
3694
3016
8246
383
9383
4695
8436
2462
1314
4725
3604
8590
720
5801
8587
6078
3836
6891
6411
1851
9343
2382
1958
9583
7838
6453
9141
8903
4302
6419
5531
1040
3012
6777
847
8214
3190
6591
2735
7408
2155
6491
2918
6477
4173
9212
4106
6592
6251
4466
9462
8439
3189
5583
5697
2699
7080
4295
2933
6049
2842
8573
8423
5457
3868
1479
8896
5736
576
4475
4739
2275
3193
4613
8593
51
7050
83
5315
5895
1974
3216
9626
3702
3338
5402
9793
1848
2551
8939
927
5408
93
2527
865
256
7718
2281
21
9460
9387
6370
2488
3889
1411
3847
2095
5258
1136
7768
4014
5152
2113
352
7345
9636
8090
3334
3914
8570
3021
8237
62
503
9811
9539
3291
1141
2790
7343
9154
1534
9981
225
3710
718
2894
2336
1528
6993
5700
6900
8993
8794
1779
9777
5385
1274
9399
3706
3918
2721
4687
3047
2285
4238
4194
6690
9349
6979
7995
7203
6433
7671
9220
956
7577
1415
4291
2240
265
9943
8620
7460
4945
7463
7200
5303
7397
2537
9256
9542
5017
3873
7979
8825
1983
6813
1942
4553
8343
6735
5712
9176
7986
2262
1639
2357
8774
5669
9117
5534
9663
3226
3376
7347
7425
4745
1297
5732
2891
3172
1814
9065
3796
6745
6715
7944
9463
8690
1123
3314
6960
672
6322
3939
102
1279
4551
8137
3632
7533
107
8537
8472
600
249
3409
2189
9740
7815
7554
8335
8003
4525
7662
4221
5778
7431
9376
4948
6832
926
6463
5343
1834
6954
7798
6285
2853
5332
6151
5253
4482
8880
8899
8811
8847
575
1670
1442
2052
5372
1762
4376
9596
657
4113
4583
2091
1796
3112
4340
6679
3578
6606
4836
4430
1230
8646
2894
2100
7295
4467
6124
3462
3772
678
8821
8580
9320
3930
1381
997
3114
5990
4156
2944
5050
1917
5629
1126
1956
9290
1256
9611
4015
2329
2166
9391
9870
3428
6906
2635
5312
7075
8522
1283
3574
2329
5254
2054
2380
1996
4676
9382
3645
1814
3623
2048
2825
6329
8341
3104
3428
5633
7743
2867
8792
2822
7279
2740
1389
875
5729
2779
9489
2190
7389
8470
7473
7948
3956
5392
2401
8053
6286
253
4204
7217
5943
7727
4872
3697
7136
5459
2816
9436
5229
7193
88
3017
2584
2066
4111
3781
7274
7257
7832
9627
8132
7767
2278
4506
1805
6707
5901
2015
9143
8149
4477
5574
2783
4125
5504
6500
9675
4288
944
1996
6518
572
4259
3477
9367
5185
3288
1916
3977
9676
7891
6893
377
4189
649
4177
2862
5941
1939
2309
3160
8052
4999
5573
757
3437
1649
7754
9317
8599
9454
2669
6990
5606
2688
1394
2993
5442
36
8735
8389
7082
8683
8521
7959
6994
1279
8733
4524
3526
2439
878
5590
8878
6816
9176
8549
4569
7316
4867
7232
2135
8008
3199
8241
5222
6733
786
4176
8760
2468
3999
2666
9869
3687
8955
7953
7450
4170
9225
7431
4516
8406
8859
4764
3259
7603
8410
2362
1897
5475
2389
7598
735
7257
8962
5323
561
6375
409
908
681
182
6158
2984
5145
7013
8395
2887
628
1261
2938
9179
8780
2806
8337
6355
9187
9982
9309
8217
5044
1741
1040
1305
8351
7965
8318
7632
3425
7333
3300
5696
5809
8824
4038
7641
5941
1828
2234
7225
1858
8362
7451
7954
1521
6109
2774
7876
3397
6046
2614
5872
4314
718
8721
5020
3897
1669
7102
3569
8896
1638
3291
5527
2462
4409
2803
8729
1370
4202
8085
8665
6864
9707
2211
7751
1021
6540
192
484
9263
6610
5216
2710
4903
9713
3627
9472
7186
9144
551
6371
3748
8492
7670
9002
6907
2273
8358
1235
5688
3236
8509
741
5945
5431
2313
1993
8817
8810
6014
3947
3950
7017
7364
1766
3694
5433
7822
3713
8754
3661
7956
8179
124
4094
2811
823
5133
9149
1204
868
6876
2673
1057
6137
7703
1394
7657
5121
2033
9798
6198
5274
5053
7826
8211
5734
6792
339
8817
7028
3162
4478
2432
6648
7821
3264
5938
2278
3649
325
4078
9658
8204
2035
8007
5285
1050
611
4017
2914
2527
3171
333
845
1623
2825
5573
6537
8246
364
5497
1250
1710
886
2266
7752
6725
6949
9100
8243
6490
1516
6870
9499
7195
1770
3774
5486
2489
4162
3959
9566
7031
1007
9345
8056
5444
8249
4647
3854
9602
5698
6967
5943
6220
9728
6408
9816
7570
9240
6162
7370
4243
674
8039
1864
8969
7165
8095
5122
9704
7819
3818
8812
4753
5889
8453
4021
1999
1505
4393
1361
3994
2486
3011
1783
7862
297
4637
4595
1302
362
3531
9154
6740
7272
2571
1116
8819
1426
156
3426
3912
5540
9674
9848
6521
6072
1145
9117
7919
926
1648
5404
933
3196
1248
4752
5713
8236
901
4951
7288
3962
8927
674
5170
8319
8721
271
2565
7660
4098
6747
3070
8380
9609
4177
181
3678
8168
5212
9299
1782
2879
6030
3778
3729
2458
4636
6837
2192
7440
4430
2300
790
7679
7846
8805
294
8466
1677
6251
1346
5614
597
3909
7538
2901
48
5584
4876
6986
5562
9555
4092
2025
414
2474
3061
3821
9840
820
524
1589
7358
5231
8684
3933
6925
4534
6222
982
5431
1844
898
1479
1169
1392
9571
6240
4645
1997
8899
5427
443
2916
9907
5736
1755
2913
26
5531
9716
8305
1773
1118
4998
769
1550
236
2835
1900
1480
776
863
2632
7422
592
7913
312
3081
9343
9643
3728
6719
2773
184
237
7911
8519
1661
4504
1437
8686
5368
7785
2455
1175
3199
3151
7310
9310
1413
9813
3190
2544
43
5875
8707
5638
1617
4469
384
2270
4505
6606
4313
9707
5959
8603
6474
8469
17
5138
3493
247
9546
7590
1439
3178
7722
5965
5178
3646
1596
2087
9215
9493
7572
5190
5300
3098
1500
4345
3652
7254
7351
9494
4171
778
338
3622
2248
4895
488
3704
1788
2067
1629
8564
6078
8410
4584
1393
1009
2514
1963
1156
3334
9004
3778
8084
6897
839
9009
4738
6359
4850
5027
2382
3840
4467
2261
1976
4473
3277
5666
4367
8134
4543
4621
1741
7216
368
8839
8537
5539
2744
5175
1760
9912
8256
2093
3355
27
9095
6197
4243
1498
3157
4998
8047
7154
305
9005
4448
8229
7943
2783
7553
4165
5454
2746
3709
7257
8748
527
1561
5200
4479
8628
1956
6655
3402
5302
8276
8443
6269
6139
6858
2827
572
9354
3113
5850
1228
1217
98
2010
7432
1823
3205
9978
3359
2618
8021
5892
7249
7478
8526
5571
6342
4242
6211
5754
5810
9866
6588
678
3512
831
9091
4928
7957
7816
9318
5189
6481
4411
7578
1710
9067
1806
861
8385
1743
6503
2366
229
6319
202
3013
4514
7441
1140
9204
3917
4003
4873
3227
7401
7723
4102
7787
6793
3338
6356
3831
187
8820
818
803
3292
2836
8861
7183
7657
6631
9732
2531
4767
8923
310
3785
1843
5210
5188
6366
9281
6866
1819
9928
6826
9593
2655
861
2476
7284
8977
7339
6444
7074
9415
7126
9856
1745
8439
4515
8913
130
3712
9948
3877
6170
2337
8980
6496
7729
6488
4121
2377
8683
813
6530
4274
6247
1549
5236
9933
6779
1057
8353
9311
7229
5238
3779
4971
9093
2364
3424
7313
5080
7460
1614
8011
2095
8631
9395
1094
2341
6161
7518
45
4093
2316
3860
5599
7284
640
7547
9958
4084
6127
9229
4162
278
4815
3826
420
6242
6759
9476
6114
5513
5698
6507
5608
4143
7400
7285
4954
4989
4272
914
3631
5370
5731
2000
9892
390
1205
8941
3712
6353
1811
9193
9674
3275
610
1629
675
387
7131
7950
6760
3914
8488
3562
6815
3513
1011
2886
33
7480
9916
1879
5627
7476
8534
8113
3878
8826
9001
3160
78
2816
9322
7653
3942
1895
3904
4449
3945
1249
3118
3037
5437
5736
5615
6066
6881
7336
5238
8403
6569
7032
5024
2427
481
6094
4726
8998
3510
2864
1449
8614
9546
2282
1838
3778
8931
7718
1163
3078
778
6891
4517
229
4165
6083
3171
8945
65
6041
577
9777
4488
37
3592
8839
1296
6481
8462
9056
2789
523
4129
3871
8738
3791
4899
6598
2423
6163
3511
6560
9914
9632
3038
3607
1282
1478
8118
2032
355
4260
3341
9754
9329
2941
5773
3712
4440
5742
2458
8467
5123
5002
9190
6049
5691
528
6228
6811
6042
6882
6856
7351
8066
9261
7126
8044
9402
34
8445
1847
3823
3363
9679
8055
2419
2045
7962
6266
3604
9729
3213
2201
9449
1250
4279
111
7154
6257
7082
6094
9471
4443
5862
3524
25
6771
7675
5472
3627
5725
9113
2065
8491
1446
9727
5355
9554
7128
5222
5708
1574
989
7386
4600
7496
9841
9772
2166
5561
3943
5676
4899
9201
3171
4052
5447
7961
8301
7857
7208
4481
7810
641
2399
2062
7368
7826
2798
8607
6456
696
6017
7601
957
4001
9199
542
5457
1377
1887
9781
8006
4829
3887
3654
6272
3008
6435
1499
5026
494
8363
3923
4033
3720
2663
715
5377
6277
9370
3247
6578
8675
637
2193
5944
7360
9218
586
5419
1072
6146
5391
7827
5491
9396
7612
1238
3591
4307
5566
6186
946
6357
7138
7673
6855
8710
4235
8347
1634
5225
3050
5544
2343
6024
3653
3796
506
9048
7180
8580
6536
2320
8350
5380
6086
7931
5007
8156
584
5794
7242
1855
9609
1654
4150
8178
1620
4858
1722
551
2382
1127
6723
2215
7025
4577
5447
3794
3724
3697
2595
3326
1645
5390
4013
5625
2850
4302
637
4269
3835
9034
9705
8972
9495
895
1613
367
8542
8117
7357
1066
6796
4289
9784
6448
9344
7079
8390
3752
3085
9006
3246
3527
271
9588
9917
818
6429
3614
4858
677
921
3909
493
450
9332
5147
4910
3486
240
316
238
9405
7361
496
9397
3807
3589
1460
4897
4715
6744
4071
839
1739
1673
8123
5226
9163
8205
6185
823
4566
1044
5714
2287
272
4079
5982
754
2395
8939
1455
4537
5998
6403
296
5759
9668
5815
6511
4422
4490
4776
446
2109
2892
8083
5387
255
8507
1694
8987
3717
4201
5643
1708
2429
4567
7762
6958
7637
3281
8232
3961
5406
1145
2447
2862
7148
3934
8274
8465
9658
8898
6061
7423
942
618
1341
7945
2831
977
1700
8786
2027
7995
734
378
5022
677
2212
3580
69
191
944
8035
9136
7811
4378
7954
2469
6292
1109
3718
5895
8918
2571
3788
1376
6314
7542
4340
5340
8327
6145
2034
9036
1085
9860
1565
2433
5144
8479
6740
2138
1652
6332
2190
1226
2873
3627
1839
3270
8633
4371
8399
3844
628
3140
4600
4051
9792
9269
3890
569
90
8011
4392
882
7899
7834
5613
2422
8861
3011
8730
3602
1817
9779
6593
2858
2445
1660
8606
3542
4979
5674
4057
2478
7215
1228
6683
7879
9115
4257
5885
3085
1024
5152
9389
4949
2006
6858
9733
3476
1894
7460
7106
588
4882
639
3685
724
3127
3239
9350
5148
5855
2843
6276
7764
906
7205
7042
5691
645
9834
6143
5139
8842
2834
3704
3220
9242
5875
9178
7946
148
3345
7000
6058
6268
7082
8323
695
4677
3590
3780
9239
3891
7660
7915
2230
2387
2984
2915
9245
1747
9460
6812
9440
1243
872
5244
422
154
6635
9744
9330
9382
8872
4197
7128
7129
3337
5170
1639
5920
2280
3371
1484
1976
4382
1144
7291
3948
3301
7068
8408
4131
9784
5918
5084
8680
9942
4476
6563
6442
9326
5873
6338
8032
8312
6371
7120
5271
4823
854
8922
8167
1833
1798
8336
3679
5423
4367
2094
4279
4401
6217
8042
1065
2898
4922
8005
8264
6882
6451
6823
7640
7691
6453
9359
9843
6148
7637
8041
4632
2205
379
6561
5923
7371
9228
349
7688
9139
881
8087
256
4542
8518
9361
3264
1716
355
9311
8384
9484
5833
5346
8763
4803
1277
3247
7218
6939
6835
515
581
8705
30
9325
407
9585
2282
4417
6110
6321
4071
3849
5046
2260
9707
3020
3412
8601
7320
8380
5253
3265
2347
3593
1313
4059
3301
6276
3976
9280
709
3397
7217
6898
2857
5595
6764
9985
182
9473
4733
8928
2170
7349
1935
9327
807
2395
4922
5184
8564
1813
6592
3251
4654
3915
7679
5203
4511
3781
976
8642
2138
7372
2006
4913
12
4931
5351
186
2305
1996
6613
4291
9987
3033
7128
9437
8412
5714
6943
3156
6203
4414
2867
6621
1566
5805
1192
6671
9969
7581
9052
8206
9558
8262
6640
7984
1230
2879
5
2420
8071
6821
2824
394
8389
5831
3902
4706
2537
6324
2120
2582
7629
5160
4888
3130
5680
6089
4626
5744
3433
3587
229
1515
6732
3200
6683
3651
9593
2809
1987
4515
5192
2632
3161
4094
1928
8951
8170
7900
1948
260
4260
4522
2732
7349
3736
4507
302
3466
964
6493
9674
9788
2688
3446
794
880
1037
9880
4232
1419
8169
3921
2076
5247
5497
6601
549
1262
570
7460
5254
9356
213
8061
2259
6059
915
1559
9047
5213
3458
6690
9010
6927
945
6172
319
4241
4997
6061
5169
5085
4284
9709
9840
5437
7090
4272
9010
536
3053
6809
744
2640
5366
9526
9765
1775
7839
9663
1807
297
2706
750
7642
2701
8334
3914
4388
6556
5516
2440
8979
4713
5331
1857
7197
3957
9508
7431
8028
7462
1962
4468
9613
7770
6018
9989
5199
606
2975
1230
5029
3712
9488
6881
4623
9143
7213
9912
5517
5660
9632
1654
3674
1152
5691
8714
4858
4133
3636
3171
3384
5148
510
4012
7974
2116
9196
5213
6029
953
6600
8414
7048
3542
7830
8650
7324
3356
4966
7431
8846
1776
9078
432
164
3512
3590
1912
3980
1136
6059
3543
9950
1297
367
5975
9417
4500
6328
70
2606
2322
4035
2616
2090
3096
9341
1680
9966
728
7130
2524
2026
6220
8600
1122
1452
3169
4260
7821
9395
1035
1377
2643
1689
3384
2061
6895
8584
6260
188
224
7220
3239
4528
1412
2672
3884
2881
8660
827
9361
5936
4659
8571
2299
3924
2274
7484
8926
5852
6714
7252
9690
3210
1214
43
6633
3474
5839
4544
9105
5348
1636
6066
3337
1215
3139
733
1306
1636
1635
9310
7263
1012
9765
4758
7198
2679
9919
3955
7402
4345
9090
1005
3096
3464
6828
6373
2689
9476
6773
4771
1135
4164
4591
8424
3416
2216
1213
8580
8560
1670
4306
2773
3013
1674
1517
8501
3798
2965
1446
2398
4619
4701
4159
662
1712
4070
2380
8793
3776
3608
6549
7283
393
1511
835
243
8011
3066
2665
5875
7306
6093
7136
2325
375
8173
6520
9508
2838
1272
198
8344
4092
945
8587
4299
2801
2742
1292
626
7833
9464
8753
7507
7267
4153
7801
3938
3242
6378
990
5419
3008
5964
9439
8025
972
7278
2326
6109
4697
2465
4760
307
7044
8496
6378
3338
6523
6756
1877
4003
2138
1284
6011
7189
3213
8991
2687
2597
2194
5046
6429
7104
8402
4581
1051
8495
7229
9046
8113
2198
6556
9580
7321
6208
4066
4239
6186
8216
3474
2961
2169
8298
6760
9064
3094
1678
2078
28
2159
8942
9532
3702
9947
4706
7003
9472
1778
8497
6416
728
4766
6931
1480
6861
1173
7369
5374
103
5649
4886
9613
6756
1988
7252
3075
701
4411
1031
4409
1830
2015
7312
3251
5082
7304
1389
2799
3943
8287
995
7493
8304
5585
2971
7375
4446
9328
8392
8379
1144
833
7229
7864
4188
6197
9911
8967
7489
2596
7128
7685
2662
4759
5243
6860
5144
4815
9659
3028
2238
8440
1292
5069
6521
2451
1478
5303
8083
636
3992
9116
7668
9611
1720
6718
5638
9831
2418
1787
9790
8261
9105
8880
4087
4030
1565
6059
8953
5469
4033
2779
4049
4199
5388
9204
8705
8624
3291
8590
2576
9284
337
8909
8676
5953
2494
6550
7990
3329
985
8268
2400
6779
5076
8065
7946
5420
89
6344
6268
399
2643
2921
1696
5980
1485
293
1388
1574
1826
2497
250
2427
8460
6753
5920
8465
1094
5087
1665
8398
4500
7503
282
6075
2879
1000
3558
2698
8796
6495
7500
1786
4027
974
3716
4891
621
9832
2578
3314
1531
8771
879
7792
3376
964
2096
495
5808
7736
9142
7575
5630
9381
3589
1988
6534
9850
6564
5712
2713
2150
6346
1918
1864
4733
9421
1134
8345
3481
9524
9126
7933
9759
8128
3803
7156
9470
3320
4314
8110
7429
7140
5906
537
3540
359
8168
18
3448
7523
6586
3504
4589
5991
7547
7919
8832
2992
7596
3535
4112
8160
8767
560
632
3630
4208
8447
7311
6629
3871
6304
6925
1794
6041
3867
4508
9049
5502
5385
4575
9298
5151
8097
2646
180
3421
239
4491
1263
3924
7652
1757
4466
4508
3362
7822
5556
2455
4729
9736
8410
6983
1147
7098
8406
6394
1444
8076
2400
1722
4030
1584
7767
5348
1237
9667
106
9065
2944
3210
2403
9750
732
2973
286
7856
6968
5393
5779
1904
6118
3714
2656
8069
9011
3892
2584
4581
7975
7770
1395
3050
2145
5177
2725
953
5732
3387
3397
9844
5003
8509
3607
4047
6635
3347
3492
5682
9841
280
6300
8977
6873
2320
5777
175
5375
8631
3558
4135
4806
8313
2618
6954
3016
9200
8790
6403
8685
8557
4431
7556
5882
5604
1642
9852
612
7220
8172
881
4382
1422
5429
2544
2051
5984
9750
3347
7777
3130
8520
51
5134
2621
7612
3468
2673
1353
1183
4021
3953
2600
468
7126
2021
7587
1193
8082
1348
4714
4778
5995
9982
3714
8985
6164
1337
6673
1461
6233
2447
994
1569
610
7599
5300
9514
181
7896
8680
6592
7605
3409
6295
1127
2073
926
7804
5918
8064
6175
4098
5244
536
1119
5830
9170
598
7583
5287
4629
6576
4896
3296
5288
2620
6052
6542
4199
1455
2398
4538
355
9617
1572
1687
6544
3871
661
2710
6346
501
4410
7952
6457
382
2942
5495
8229
6380
1765
2782
1517
7688
470
5818
6606
9134
2243
2365
9607
8055
8001
7350
8134
6228
2635
6591
4429
4659
3152
8987
4729
6151
6217
9462
746
5083
2739
8583
8680
9016
7064
7077
241
140
6598
6467
7295
6333
7453
6443
9552
9221
1766
6356
4174
6694
7911
2158
6924
1658
2741
6892
5509
787
7563
6045
215
7755
2422
8855
9640
1186
9285
6346
1859
5014
7840
4908
4513
7454
3489
4912
9329
3900
6955
7676
5486
6734
9390
5753
1440
2959
6796
5728
1435
3758
8631
4726
2144
7041
1034
5493
4060
7258
6355
273
505
9943
6946
3254
9692
7782
5564
9631
2412
9518
4714
6272
5575
3983
6189
1043
5846
8921
4059
3621
7866
963
451
1395
3248
7529
9886
7936
3190
3222
5773
7248
1844
4896
5027
7697
5224
7659
6059
4655
4536
4931
2600
8551
416
1921
354
9394
8270
6254
2732
9112
8160
7317
7017
5768
2623
6919
3886
8994
7790
8218
641
8181
5838
2809
5604
2712
505
6067
1750
6622
4439
2625
2597
1637
401
554
2257
9812
4424
9743
2650
1114
5563
2388
9224
2510
1033
8936
3370
7361
3648
8302
2594
4910
3530
5258
9779
91
991
2276
6022
9456
5727
5922
9138
476
5612
1447
5281
2498
4090
4263
666
373
5145
1614
1903
9978
1093
6912
7308
1572
8988
2959
4390
4425
8805
4388
538
6421
2046
6607
538
2701
6801
1584
1594
1545
9085
8882
2986
2884
2510
5311
4397
5824
9522
4567
8004
3334
9795
7671
9879
9302
1417
7738
3929
2610
8333
270
3856
4436
4674
2289
4132
7973
322
8285
5577
9991
9279
8819
1270
5359
7286
2492
7474
9363
654
63
1093
2733
8404
4024
601
5337
2972
6645
1665
9271
3795
37
5803
4157
3689
9660
8825
3349
2973
9225
7100
8374
9524
4118
1279
6968
6688
4074
3397
7314
4938
1830
1089
5838
3765
6499
4390
9100
7041
9860
5976
2699
7809
9564
5191
662
4846
7976
5480
942
7467
506
8164
3632
1662
9798
5264
1858
3399
7441
3328
5477
2808
3324
2238
5936
7129
400
510
5732
6004
4511
3084
9420
9948
4124
8975
8998
6516
6897
5015
2225
3069
5915
4366
8914
6951
5247
1199
9905
1210
5405
1751
2220
5745
8925
8550
4100
1182
8578
4552
1340
625
1065
2442
6569
5113
9038
2963
7532
2480
912
850
2109
3592
3794
2868
4292
879
7462
7191
6798
5300
9814
4324
877
536
9389
5954
3163
2478
8490
5153
4822
3382
6479
5529
4576
2869
6508
559
8799
1051
2306
9687
5890
736
9541
5282
5723
6871
9498
3123
2436
2070
5089
2912
4375
1620
569
6502
3643
2561
7552
7731
5915
5557
618
2392
8042
2426
2269
602
3890
304
6072
4030
2447
8767
9474
5191
5180
6142
9555
8018
56
9367
4547
3367
2700
4625
3159
1199
7616
4502
4299
6467
5890
4611
1156
7462
644
6455
8789
2932
9714
8352
7299
3814
9227
8734
2297
8681
9042
3475
6586
1728
680
8811
2728
1992
9551
5711
6816
5501
868
9559
5373
4960
3651
1634
4038
8299
1275
995
732
1642
3300
5786
3723
2667
9101
7520
9987
9894
9522
888
7808
7203
4106
9838
932
65
1094
5406
5502
9151
3996
5387
9350
823
397
9829
8570
3907
1146
8998
886
4212
9689
9756
3459
6161
6950
3926
7691
7949
261
7693
7440
6620
8816
3283
1365
7596
468
2090
6383
9326
7081
6169
6996
3542
280
3503
8690
808
1194
5760
4690
440
7615
3320
5098
4173
1358
3828
9540
4571
8945
6603
4190
4408
2747
2149
1814
3587
1278
669
2711
6994
8665
9668
450
9104
8698
6950
2776
5495
9912
3678
8457
395
2459
5135
9407
2868
1428
8871
3062
9630
9710
122
9775
8791
4169
7009
9103
7501
1733
2168
7654
2097
2230
2213
5713
2729
1176
6948
8366
706
3043
1724
1997
7343
4275
6749
9084
8274
996
2717
3539
9620
1743
9916
940
1075
2278
6966
3345
6660
8997
4345
2218
1304
909
4158
2496
5211
5664
4631
409
5550
4602
5728
3092
3046
4217
9014
4950
5927
3093
5799
2133
6810
9301
2229
9663
1952
5546
3934
5069
9004
4515
4097
9072
890
4209
9163
9027
9003
3656
1285
7089
9287
4716
9640
7427
8391
6149
2458
7717
6330
6704
2574
9570
7331
4476
1000
2550
7418
5951
738
9758
6677
8204
3821
7101
5362
2936
603
5163
259
7723
9651
6175
1925
3222
2832
8501
7115
6698
1571
6315
7747
9583
1175
2182
8542
2367
3493
318
4366
8828
1523
8197
5152
6563
2568
7556
3920
1895
4458
8042
6228
7315
8026
3863
2238
4498
2999
3554
9216
8767
3131
6902
6842
7654
8269
3467
7895
1505
9463
6147
5255
7525
767
6025
8732
261
4113
269
4764
3643
2691
4677
4573
6788
5550
5162
1465
918
3493
4976
886
5449
6239
7265
4546
4555
1968
9674
9660
9057
5209
3591
9199
3085
7725
9938
8048
4964
565
2524
1695
3609
888
725
9926
2449
3472
6801
5354
7825
934
619
8119
9870
1298
2374
3357
2201
7113
7261
1954
505
7091
767
4314
7375
1971
7452
6815
9635
567
6552
3189
2076
1979
8576
6849
4245
7223
9781
2791
9262
4875
5396
4577
7769
4444
677
3456
553
3930
6952
9371
6982
9709
898
7931
9190
3067
6915
1160
9860
5982
9403
820
4186
8904
6313
7702
7696
5710
9861
2675
3753
807
2229
727
5382
5783
5817
1704
4520
9945
4900
3159
9385
9545
4996
7432
8962
4137
9817
5053
1208
4287
3262
7954
965
1081
9203
509
6852
9146
7465
2867
8943
3647
6071
7870
3252
1724
8157
1625
4653
9079
7141
7448
5428
2360
6116
5574
6968
1741
5200
289
7937
8562
5824
5390
7385
1391
4730
3096
6697
8179
6853
9626
9284
5638
2084
6867
2328
2001
6711
9472
7830
6562
8906
4942
8013
3107
9363
5207
1163
78
4560
9511
6249
9562
2668
1761
9109
9367
9997
6627
4965
5440
3031
2180
719
7851
4854
1334
7
3286
7123
633
1159
4191
248
5284
3582
5045
4539
2672
6699
5043
7088
5129
5899
8396
6357
3344
7394
2358
388
4999
9049
9566
6469
421
835
4916
1815
7443
4602
165
5944
1180
7982
8574
8842
5453
7993
531
4090
1053
6696
9263
6608
6674
4971
7710
4396
6921
8186
5836
8080
8136
2626
8200
5123
9139
85
8856
5771
4673
7815
6120
9610
4326
2268
3371
6321
4544
3345
5491
4548
7389
7471
5342
6115
4344
2612
9496
6902
9451
4150
6001
4328
8459
5944
2840
5790
204
3700
7951
9481
9492
965
9191
9307
2227
1380
9213
7429
9749
5450
4714
9624
28
2000
2654
2111
933
8965
6273
4987
7718
8486
1338
1213
3941
866
2272
9168
3558
7457
2132
1557
2738
1451
8238
2458
4125
5658
9264
4060
1853
5476
2134
1230
1884
1266
2438
4181
3230
8309
900
1187
8872
1578
2074
1383
9194
3526
9517
455
5372
1215
1396
4173
877
8156
7519
7578
7998
9891
3148
6433
4282
9231
2499
6453
5833
20
4725
5889
1065
9768
1814
9294
1547
9423
4407
3622
9706
1681
810
3128
815
6993
365
6237
6070
503
1978
772
7780
3233
8573
2367
7166
3076
7603
1602
9438
7930
4869
207
7097
6186
8876
8196
7219
1041
283
5264
2900
8919
1207
1593
306
7833
3408
246
1255
8208
1889
4120
3928
8170
5248
3338
1141
7523
5157
2994
754
5316
3963
4393
4266
3915
8975
8731
4065
3695
4621
2445
5739
537
9240
8850
9987
9393
4331
7198
9139
9918
1932
2651
9951
354
5526
8778
6389
7290
6730
5176
7696
1689
1811
1935
5190
2805
1788
3892
6613
4300
4391
124
5634
6356
2867
8637
8058
1913
2862
6215
9466
2841
4108
9306
218
418
5199
5589
9416
9610
5606
9035
1694
7414
1894
9134
482
6243
3977
3066
6861
1102
9473
3176
4103
142
6604
4066
5779
6578
3252
3357
1234
6560
5456
6095
1033
6358
5269
8301
2707
2028
8360
4138
3685
9918
1234
9206
4839
6328
7683
7094
3158
5664
2237
9240
2058
5794
2299
3864
1867
6465
4289
1020
4910
4388
8885
5825
9906
5297
3429
7928
9797
5516
2538
8943
8580
6137
3474
2792
2309
6484
7858
6247
7581
1127
4908
7242
4442
9073
4012
4872
121
6598
8424
4591
5988
5594
7721
7732
8193
9074
6584
3400
4999
3054
4957
1335
8377
5035
3001
9777
5416
1977
5165
1516
1547
9907
6333
2424
6364
1051
8437
1481
3115
2867
3545
1940
5964
3704
7521
529
4375
1182
6290
8683
4079
6910
9113
4428
1987
5473
6512
5758
7059
9101
3372
2492
2177
8593
7780
1528
5187
2088
5422
5237
8646
5019
8499
6679
4104
4124
1447
9403
3560
17
6532
930
9518
6763
5092
1807
1076
3654
6391
1381
1360
5203
9214
9896
8874
1452
3311
4737
2864
3737
4369
7116
9255
4643
2105
6391
5876
1724
1865
284
1837
6550
3989
6994
3238
6411
180
145
8104
3652
1001
9502
8542
9805
1504
2735
9373
2365
5661
4545
645
3376
966
798
3199
7386
4354
9516
9986
4738
9692
8831
8567
4864
8745
1847
9233
4069
2972
3352
1222
5152
969
4070
3797
26
2114
5227
2587
3369
6476
9131
1401
8255
6493
1980
8456
7102
1781
4546
4891
9088
8663
3584
7171
2164
2174
7208
8158
88
1119
610
3837
8318
3772
5482
7893
9841
1963
4446
5520
5433
7080
8460
9648
5336
9082
9793
6848
1482
9727
2995
6125
5689
1002
3323
7234
3127
819
3450
5450
3393
2667
7212
9358
6944
4892
4949
962
2242
637
6115
113
542
4276
3411
5405
9570
1606
8852
8836
115
8809
3447
7254
4187
8411
3485
8925
4300
1661
6426
4907
3645
7863
3081
2330
2662
8190
705
542
9493
7422
7274
8263
7288
1394
6030
5823
9383
4114
7415
3544
3440
556
4519
3123
6854
4851
6705
9807
3068
9196
9221
5041
8240
7947
2912
1386
9841
4536
7417
6952
3337
3389
7667
3758
6923
907
924
2572
1833
309
6191
2818
5716
4532
9087
5549
1565
7487
9031
532
9601
9595
6084
3161
9756
2087
743
2095
3609
8864
4021
3266
5273
269
4385
4255
8197
3023
1618
4112
675
1528
9372
8636
6933
8355
3599
5715
1656
1092
7481
7724
2595
1928
3765
3403
1794
3826
4922
2904
5626
3945
2699
5594
1872
3866
1517
3980
8727
1980
309
3576
2334
8576
7685
5348
4150
2010
449
8288
3675
9865
2884
2443
4556
5722
5391
8436
2043
3226
9349
323
3328
3046
9575
8109
8752
7116
2008
331
2037
1041
1954
9300
9030
6985
2946
5490
4992
1248
9500
6255
3397
2417
9883
4227
5740
2359
3960
2579
7975
1673
7468
8150
2869
5349
9829
8474
4122
9464
180
1482
69
1408
1614
6517
320
5293
9663
8707
7629
1171
5974
6146
902
5909
6598
2378
6008
8920
2941
3239
4177
4222
2266
2572
1916
1768
3509
5831
1169
378
5048
7288
7784
714
7811
4252
976
9240
9703
8543
7619
2207
7791
1892
959
307
5342
9760
6039
4683
161
5682
2837
1431
3135
575
3118
5144
6293
3934
6755
7494
4045
8718
1390
9982
3128
7608
9142
4284
4671
1911
2475
5361
1554
2589
6634
1820
1450
9615
9216
3902
5423
4284
3269
9689
4923
736
2654
8503
2355
3832
1842
687
6418
2545
5143
6471
372
6854
624
2769
8094
5357
2801
9608
9056
6324
9326
1065
8593
9027
789
2788
3890
4915
727
9509
3258
8669
8761
1111
9907
83
7015
9240
8471
2718
4440
2535
7365
9619
2827
4784
3590
5478
4444
8610
4412
8953
8816
4178
929
6370
1247
6621
880
4198
1148
5933
6018
671
2948
3974
4802
8512
7171
649
2142
4534
5918
9557
705
9181
7068
4308
3369
7927
6361
8272
2173
1570
8913
5154
8024
3224
6730
5040
1844
7457
7960
23
1301
984
5513
2200
8010
3640
3479
784
2456
2893
5449
4508
9752
1712
7165
7793
8304
4354
6255
1032
1194
5337
5911
2469
4400
4415
7793
9018
4078
1609
9493
290
3057
2937
6076
4844
4205
4463
4465
2349
6283
4191
112
6360
1022
2779
7989
9195
7872
2850
4051
4023
4910
5598
8117
4917
1775
9812
3562
1631
2550
3712
9146
4902
2673
3104
3022
7670
1599
2662
586
1649
7958
7170
7529
6126
1093
1663
7864
3074
2381
6339
9604
5711
9850
7122
1274
3276
7785
4323
7439
6798
5766
4607
457
4099
9046
2373
9258
8923
1556
8913
4525
5296
3117
7597
1878
9942
8781
3535
2004
3145
2991
3919
4046
5673
4871
6241
2700
7875
699
1494
9229
2231
7150
7850
3507
5194
7199
5558
7577
4858
7915
5230
1915
6476
1203
5611
5634
8012
7894
4754
6604
470
1889
9663
6082
1202
6851
9016
5986
4591
1684
815
5500
3779
4781
5688
8878
9508
7404
2063
6056
5230
5094
3166
8027
6811
248
9663
3991
3306
7555
7737
5683
6670
8491
7845
140
2957
2979
5652
1060
2740
7041
396
2535
273
4616
5509
3326
8673
4743
9838
1811
6360
5863
4690
441
361
7496
8695
7061
8973
1789
1993
258
2013
1103
6322
8426
5809
9583
2671
2470
763
7400
1609
6703
899
7378
931
9996
533
2598
7015
1791
1380
4930
809
9200
5594
7664
8955
6388
9121
2000
8212
1110
4276
6896
6192
3952
3584
3467
6261
1928
92
7529
9442
2602
2668
4146
920
2825
5239
5799
9344
8198
7960
5174
3036
3890
8616
1624
2950
7268
2307
8770
4033
4557
6062
670
6896
756
9494
6260
3862
1484
9509
6460
511
2458
8542
8004
991
1675
7404
7532
376
6267
9025
669
1215
384
2946
7041
962
2062
5842
8002
9471
467
3314
8364
4987
5889
1171
456
6635
4298
4968
7395
3189
1467
4575
4212
1647
7631
8493
5360
3634
6005
4253
7651
1302
5138
8375
7872
5422
4209
5637
8015
8411
7906
6920
3731
2168
1516
5980
1023
2518
9103
4995
9325
1823
4886
2868
7129
6863
5463
7959
7483
2148
5459
9895
2317
5857
6829
2052
4163
3830
2020
3763
1997
4704
3803
7545
2060
949
3353
8924
1937
3254
1094
9138
4405
5445
3104
3378
1446
445
9634
6515
9096
1140
9180
1530
6362
3816
507
7773
8733
9962
4012
4524
5019
5926
5672
6676
3587
3
6417
9791
9559
3790
1073
912
5506
9582
6058
5613
3123
5738
671
5829
9199
8004
75
816
1962
9664
3767
9220
5670
7516
1677
3975
1301
7237
4243
6432
9198
1242
5908
211
3163
9090
970
1593
7413
806
4966
3803
6678
834
8053
2497
8975
6707
9349
4761
4658
8349
1546
4666
4389
651
4539
8531
7807
4456
3879
1572
4950
9966
1884
8402
1157
2964
3866
6878
5562
3410
6795
9621
7598
899
8444
7183
4999
5594
1757
4368
3409
5774
4436
3260
1327
113
6977
4690
9356
1742
4696
9414
7367
4821
1871
7595
4052
2052
8722
1598
3515
8457
8900
4558
5752
3539
8597
6582
4765
4963
3145
664
5123
4490
7812
5512
1693
7050
2785
6650
6015
6463
6488
7343
3490
2568
4410
665
6702
562
7680
1399
1641
2673
8786
2596
9530
3399
2083
7573
1557
2014
7373
6217
376
3471
6875
2624
968
4346
6964
9328
2800
8211
6885
3884
3123
9530
8699
6322
2340
5140
4055
5050
519
1063
4992
1985
1939
2659
7159
6459
8398
1312
1726
4811
1344
63
5702
7338
4027
2946
1366
1833
2132
8918
2839
7430
1997
7952
9283
3996
1072
7949
647
3951
858
839
4005
2203
3008
5617
4396
1538
5099
9487
8715
4571
15
7436
3638
4603
4873
2064
6392
4856
6953
5821
8659
1376
6328
3272
9096
9207
7327
5206
9199
5432
4745
6563
7014
9026
7877
2035
9831
5504
9158
490
4440
1509
9655
8174
6888
5907
8835
7397
4476
342
339
8177
6282
8258
766
9097
1536
6461
2070
239
7085
8230
9047
1256
7411
9319
9275
814
2011
2341
3996
9265
8326
6197
6674
4379
4251
2466
1470
6
7798
2293
6516
5688
6175
8127
2423
3841
6079
8582
1186
844
7047
6528
3144
9706
4876
8476
5442
871
8867
5838
94
1299
9550
3210
3890
3122
3884
996
9102
8350
6958
5349
2007
5629
1951
289
4396
6558
7626
5515
664
659
5293
9076
5377
867
4046
4052
993
2759
7367
9454
2682
5463
7630
6549
1158
4673
9115
4285
9211
2270
216
30
7344
5689
7797
5983
5342
8121
6108
1221
7094
4179
9148
1638
3706
9760
5611
6519
5076
3592
6840
4424
3443
3593
7808
6989
1807
70
4681
3373
1424
2418
7481
686
3693
7278
5805
9026
1603
2466
911
6822
2278
4890
8305
9525
968
2415
5129
9914
2874
7504
5757
9064
4839
2344
2394
5668
5028
2929
6412
3350
2844
2238
305
5074
3674
3840
1047
7660
280
2494
1620
6173
2077
5807
3101
8442
8990
4931
1904
3764
6008
572
5095
3745
1412
5436
9190
9994
6730
5308
4957
4246
1161
4131
941
123
1557
4379
1838
3547
6052
3067
9772
6656
7392
4937
5141
525
2789
1009
9356
1293
8749
8033
7191
2120
8314
334
7702
6404
7077
8973
2595
5938
6219
3643
1828
4947
6390
5046
927
2758
2940
1141
9638
836
2099
7186
4004
5779
7552
5908
6477
6590
5221
3945
817
9254
4577
384
209
9345
7218
125
5583
4948
1902
4903
5618
7679
9889
8557
789
5731
7443
5658
4852
6365
5713
997
4228
1696
258
4921
7677
4459
9076
7589
7135
3599
6499
5649
6049
9798
9618
9690
2608
4297
4634
2295
6600
1423
6488
6776
7921
7296
3676
7190
934
8413
3632
6262
6571
7061
3931
9492
8332
4179
7361
8529
9157
7611
2128
7926
923
6765
4652
677
9536
1710
9778
2525
5656
2874
4720
4743
1836
6612
2722
3925
8131
2329
8570
8203
9099
8582
7782
5567
9470
2383
5192
6612
3566
6899
2401
6168
7154
5156
2945
4222
6225
6009
1683
4931
2788
3187
7186
7848
5084
9205
9736
9329
1400
2900
8155
987
4284
7753
9814
1078
8980
2101
2759
3376
7272
1763
9283
9194
2384
7525
2470
238
3913
2043
3466
2309
9627
2516
575
9337
8082
4204
1310
6445
4992
4946
2971
4049
642
6286
6344
3810
5122
529
3808
7326
8936
3460
9884
7046
2868
1157
2070
4133
8938
5537
6971
1274
9405
8215
931
5035
4131
8924
5720
1401
4758
4870
18
9368
5307
2346
2384
1887
6669
6730
8301
7542
5863
2017
5486
1450
3325
8073
7993
7112
9070
6425
2464
7748
3985
7538
1075
5638
7499
8127
8945
9729
8958
1030
6891
190
5305
1319
2236
377
1699
5836
7456
6169
5477
5510
5008
9067
4196
5827
9970
8031
8968
2689
3379
3357
9302
3418
2926
5899
6617
264
5718
9870
8777
5433
686
6402
1482
2973
5554
5704
8062
7826
8440
6944
7153
7274
5198
1580
7607
2201
2573
1188
8011
4311
7834
4185
8938
4654
4278
5388
4447
6188
9292
715
5354
2355
8899
5863
683
7040
456
8480
9066
2906
9521
7557
5726
3625
3414
3561
173
9321
1631
2141
4386
9269
5272
8257
440
7634
7703
2740
631
278
2495
4180
3419
5652
8396
8524
2714
2496
5526
1893
2298
6746
8920
2726
3516
2794
7544
7082
3811
2188
2645
101
2631
7555
2268
9196
1479
5424
5268
5473
4590
786
8771
9304
6228
2309
1250
8610
8421
9316
7566
2220
8776
9637
9579
3015
2466
3634
9516
3
2429
4294
9383
7552
405
5871
6027
182
5709
9954
9291
7997
6552
4943
89
4118
4045
3811
3939
2648
3326
2230
2345
8985
6845
3746
1541
1896
9187
2880
4421
306
7760
2019
4039
5285
5491
5812
3649
4400
407
6534
6930
1101
2051
2122
7693
9092
550
2401
5176
2458
4599
9147
9870
3486
5604
1061
8022
3622
115
4945
8603
2731
6416
6588
8549
2482
8124
834
7298
7526
2439
5753
49
389
6276
3853
2293
1160
3294
6280
7599
9818
4260
5391
6329
4937
3944
9748
1238
2829
1803
4898
3134
883
2670
3769
4894
9414
8236
8028
3342
4197
9079
2143
2960
272
1886
3384
2845
3808
7769
4275
8922
2060
5004
2004
2269
4900
3180
7159
2455
9849
3879
8713
1791
9679
7617
9727
2346
7930
4177
3919
1765
923
6681
3009
9932
4431
2959
4658
2127
2494
1643
4916
4410
1249
6103
2001
9719
3253
3594
7623
4551
3443
372
3194
328
8521
6476
7040
3012
5988
1638
544
2171
8535
4772
4937
7965
9999
8172
3920
5812
3050
6078
9301
9910
7681
2830
6642
4029
1821
3628
6007
8780
471
7247
5947
5083
2786
4324
5838
2365
2830
3214
8134
2900
7967
3133
8822
4024
5515
4010
7958
7634
395
1876
3482
182
1432
7457
9552
8942
4132
4687
551
9525
148
5799
7735
7123
9114
6367
7742
8617
3428
8174
736
7478
5695
9356
2476
2976
5232
4213
4000
2342
2758
1010
4099
2094
1722
8096
2941
2286
127
9542
2822
3787
1013
1668
8185
6718
647
1127
6608
4357
7393
8081
9995
7758
2890
8200
7577
2404
8744
8488
2344
326
4377
5981
974
1375
3566
2077
6448
4897
8845
4938
171
4642
8824
8926
9754
7051
901
6093
6388
9974
7539
129
6962
5611
8023
9474
3265
5056
5781
4271
1419
8050
1397
8739
66
4222
8169
4231
4989
3956
6790
7607
2437
8069
332
5677
4243
3864
9890
2164
126
96
2242
62
6164
3685
9791
3904
2944
5728
214
770
6647
7923
8966
3313
3663
4295
7770
4423
510
5077
9263
883
4562
7017
2315
7704
6860
1020
1255
3160
8777
8476
3525
843
1742
2885
7213
1561
8866
262
2831
5103
8715
6257
404
35
2335
1423
763
1298
298
4703
2775
3639
8497
2177
8584
6322
341
1645
1655
4293
9957
5303
521
1223
1562
802
917
6748
3584
906
1224
6707
6168
3289
6652
6947
1465
7030
1508
1122
571
4635
4630
4791
6507
7758
5519
5317
1136
7057
111
8125
9185
9931
1246
2160
7643
1949
5537
3144
8904
4920
7717
5128
705
2592
966
7289
5893
3503
7793
1883
400
3808
2890
1675
4158
3298
1234
332
2599
96
3937
6637
2798
5615
7350
1388
9633
3162
9737
9207
6190
4802
7838
8238
119
9906
4193
6476
1213
8770
6048
5772
9024
3827
5242
2226
8097
1061
1331
2707
6430
5686
6179
3675
7402
2057
8233
2961
2904
8735
3811
1588
5298
3843
8699
7519
6067
5090
5013
8480
9323
2023
8675
5265
28
4150
321
8416
6924
9959
409
4629
318
8410
3359
5030
9665
1446
7212
2705
5224
1499
6687
726
5614
2554
1353
9576
3430
2390
1266
2175
1706
5695
7428
2483
576
2905
6148
4181
6494
9371
4296
6146
8864
9069
8314
6949
5992
7674
2561
9877
1040
6845
7526
2994
814
2554
2448
8269
1945
5450
8253
8492
3341
2236
3555
7080
2668
3333
6116
9343
892
4854
4810
1879
3957
9912
8408
693
2233
7123
9491
345
8425
110
3215
5313
8216
2426
6640
7703
7561
7373
5829
6343
6233
7011
2894
8560
2092
6677
8128
1459
1332
4978
631
3006
5873
5885
6258
6044
6128
8937
4449
6352
8013
6648
579
218
3978
8664
4894
4865
874
2115
944
4935
5373
1060
2333
1604
4712
9919
169
5755
9360
4823
2182
4336
2329
7359
9355
4901
2906
1312
1694
7507
4007
2072
2638
6259
2589
4921
1676
2555
4637
3052
4439
6383
7615
380
9615
9042
7385
1450
5794
5801
2871
1255
6136
9062
3842
6417
9995
3411
4601
7930
3202
4721
9122
2100
6940
1706
541
1036
2463
5519
7047
4314
3238
7309
1209
2340
7538
7706
8969
4088
2970
90
3064
6893
3883
1663
6490
9415
9121
4116
7374
3582
7086
8919
5892
8524
9683
6802
909
7233
6187
7787
5789
1109
7108
2889
692
4597
3
3557
5962
3401
8009
4632
1644
6196
8169
3976
7964
1625
7580
2185
2327
6148
8534
318
7947
8397
1010
5983
2741
7965
2884
3791
7028
4641
3147
3872
5353
5191
6211
8041
3261
9212
8085
5727
2757
7921
7775
9533
6541
2361
8787
6848
6528
802
7336
8633
8570
9214
7379
1543
9766
3438
4891
5084
1173
5753
7132
8641
8909
8382
9874
6801
2861
6662
1317
1443
646
8794
294
456
2776
6644
2198
4561
6805
6660
1321
2349
7705
8889
5895
4057
8761
6899
4265
571
4510
4939
1061
3284
2220
3876
4265
3261
9403
7654
7363
4919
6235
5012
6186
1061
9650
619
8004
8033
4672
1733
2779
3373
4970
7277
5914
5266
5189
4187
7848
6062
1413
4680
8605
5941
4353
4384
6471
279
4306
2404
9435
2540
6327
2483
1029
6296
7201
4803
4133
7144
3826
8476
6910
2149
692
2077
529
6709
8870
4722
6315
5250
4029
7306
2047
9342
6155
2028
7403
4387
7824
6772
7793
817
8518
5794
3540
738
2986
4539
7504
4210
9434
8718
6384
2077
3978
8331
5802
6928
7907
852
5402
3469
9335
9974
2171
5797
7570
8553
8308
8340
5367
1947
2630
9925
2340
8162
5374
5340
3066
449
1987
5877
4153
4109
4357
2975
238
1892
3761
8213
6542
8409
857
3552
6899
9135
1102
1372
1065
2823
5596
1195
4246
6420
1706
3316
2171
1345
8185
6057
8672
7740
9919
9441
987
1089
7564
1304
4410
4688
3173
5957
8552
9814
7940
1825
875
4326
286
1486
7233
4121
6485
8974
3921
6445
3002
9201
2507
8532
5977
7423
1139
4130